version https://git-lfs.github.com/spec/v1
oid sha256:ac28a86e5b53b4583ce5038a6c5f320e41d2d8308c2cee7beeaed83f90dd0ec6
size 565510
