version https://git-lfs.github.com/spec/v1
oid sha256:5a5c83b76f8987009a5ddf2277361511b70785b00f751d16597e609f5455c134
size 21762
