version https://git-lfs.github.com/spec/v1
oid sha256:9ce72b7fed48093b525e902f8134a2008ee5fe9d78b6aaa8a629e5f1c6acc108
size 693718
