version https://git-lfs.github.com/spec/v1
oid sha256:6cfd1c7cdf7b5e8a67c9d8044edc20b0949ea27a4299c5a55d25927420491674
size 22897
