version https://git-lfs.github.com/spec/v1
oid sha256:53bc947cc1e00dc808f9208119ab4da54808df6ea59710e505d896d707557f53
size 22903
