version https://git-lfs.github.com/spec/v1
oid sha256:d0a4dce7d46d384bde39fc7a644e031082ad2d4a9f9af5ebab9ebb4506d6c077
size 434888
