version https://git-lfs.github.com/spec/v1
oid sha256:112bebbc92bfa2b77b6cbb90909ca2682e5634f128fd860c73c05fb5fca5825c
size 16640
