version https://git-lfs.github.com/spec/v1
oid sha256:cb076aaf2b206e49a0ce5bbbe7a3563d67d135bf28d0d204b0389dd1bcd1b3b8
size 253148
