version https://git-lfs.github.com/spec/v1
oid sha256:a2283330e826c40ffff8b00a0c8a8c803cfbf146cb43e7c97f6497cfc49c3690
size 947787
