version https://git-lfs.github.com/spec/v1
oid sha256:dcab3a587092b0b4bf10396797d3886c865d3d9ecc8801396fcab3f690d5d6d6
size 35524
