version https://git-lfs.github.com/spec/v1
oid sha256:2e6c3e511c13966208eb0e21d5d3eb100d8e89e3e3c3eb3ae48b492dc983a421
size 682748
