version https://git-lfs.github.com/spec/v1
oid sha256:1b60003163ca391ae1558e026142d27c23998de2f66f0c3d302ccadf09d60f4b
size 10042
