version https://git-lfs.github.com/spec/v1
oid sha256:eb048f83f25bc09e53ac8400fc630aa2a58f7bb1d526874f14208d0225606828
size 22889
