version https://git-lfs.github.com/spec/v1
oid sha256:624975cfd26f38e23500ee1c7389aff72e127ccd2e44798f7a73dacb83d92c1b
size 761617
