version https://git-lfs.github.com/spec/v1
oid sha256:1336e179427e6bc32946569aa2e5e60710b4e3f7b3c74d27373e45450ccb58a2
size 22872
