version https://git-lfs.github.com/spec/v1
oid sha256:76d136720f116294da834cb1698c92b17f6894946ffb1593be3890e83999211e
size 690044
