version https://git-lfs.github.com/spec/v1
oid sha256:d564e25f1c20fe3440ee839db023e205d89a86014fd288404c81deac22050598
size 35477
