version https://git-lfs.github.com/spec/v1
oid sha256:f97ed4bf6570833887ad4bab9054678646867abce7aa21621d5cda271cc8f7e1
size 240573
