version https://git-lfs.github.com/spec/v1
oid sha256:9146810e3ad1c7f1bbd9c963e747bb8eb51d8c408222dbcd3f1f82d2f8998865
size 225760
