version https://git-lfs.github.com/spec/v1
oid sha256:c519703d2701a7836d59997152983c70327ca457871b44e2755323b56cd6a068
size 251609
